   7.2254298e+01
   4.3796273e+01
   5.9504097e+01
   1.1755955e+02
   1.4700543e+02
   1.3956379e+02
   1.5139279e+02
   1.6064244e+02
   8.3721353e+01
  -2.4499474e+00
   1.6645324e+02
   6.9095535e+02
   1.2513055e+03
   1.4046398e+03
   1.0959315e+03
   6.8288716e+02
   4.6573103e+02
   4.0192071e+02
   3.3002862e+02
   2.5325414e+02
   2.5614420e+02
   2.9064360e+02
   2.3327724e+02
   9.5676884e+01
   1.2986561e+01
   3.6700095e+01
   7.8078162e+01
   6.5843045e+01
   3.6090746e+01
   3.5272968e+01
   4.0162890e+01
   2.2635756e+01
   1.0848770e+01
   3.0433740e+01
   4.7890627e+01
   2.8031545e+01
  -1.9364129e+00
  -3.0932027e-01
   1.7822763e+01
   1.2848581e+01
  -7.4380217e+00
  -5.3720918e+00
   1.8436018e+01
   3.0782098e+01
   2.7482573e+01
   3.5232305e+01
   5.7046236e+01
   6.8788844e+01
   7.2406249e+01
   1.0014173e+02
   1.5305749e+02
   1.8337011e+02
   1.6036640e+02
   1.1486917e+02
   9.1970542e+01
   9.2841185e+01
   9.4346904e+01
   9.8722763e+01
   1.2472572e+02
   1.6308737e+02
   1.7983050e+02
   1.6571513e+02
   1.5557594e+02
   1.9431362e+02
   3.0066306e+02
   4.6044801e+02
   6.3107003e+02
   7.5024024e+02
   7.6698697e+02
   6.8099835e+02
   5.4281876e+02
   4.0845030e+02
   3.0178498e+02
   2.2090608e+02
   1.6117009e+02
   1.1956118e+02
   8.8990819e+01
   6.3538416e+01
   4.5120198e+01
   3.6009028e+01
   3.0556811e+01
   2.2962830e+01
   1.6815321e+01
   1.7146933e+01
   1.8910353e+01
   1.4318842e+01
   6.8022433e+00
   5.4883533e+00
   9.0249213e+00
   7.9143505e+00
   1.5704367e+00
  -5.7591361e-01
   4.1659017e+00
   7.3614605e+00
   4.8435764e+00
   4.2614954e+00
   1.3335559e+01
   3.1357353e+01
   5.4665371e+01
   7.7826970e+01
   8.7738038e+01
   7.4353930e+01
   5.2724034e+01
   5.2736687e+01
   7.5411814e+01
   8.3993907e+01
   5.9886660e+01
   4.3290386e+01
   8.3006754e+01
   1.5960267e+02
   2.0149651e+02
   1.7766037e+02
   1.3157612e+02
   1.1413522e+02
   1.2850075e+02
   1.6362977e+02
   2.3444491e+02
   3.4154634e+02
   4.2073449e+02
   3.9390257e+02
   2.7061368e+02
   1.4911365e+02
   1.0421561e+02
   1.1509912e+02
   1.2071449e+02
   1.0471187e+02
   9.1940330e+01
   8.9765138e+01
   7.7879526e+01
   5.0565868e+01
   3.0379378e+01
   3.1599380e+01
   3.7648026e+01
   2.8311253e+01
   1.0513061e+01
   5.9488864e+00
   1.8932113e+01
   3.2520799e+01
   3.2636974e+01
   2.2397875e+01
   1.2106511e+01
   6.3227960e+00
   4.6417650e+00
   6.5912690e+00
   9.4886182e+00
   7.3541858e+00
  -4.3991155e-01
  -3.4397594e+00
   7.9099540e+00
   2.7070986e+01
   3.9824323e+01
   4.7796297e+01
   6.8278678e+01
   1.0466426e+02
   1.3303911e+02
   1.3091388e+02
   1.0679091e+02
   8.5922546e+01
   7.8105846e+01
   7.8046317e+01
   8.5975259e+01
   1.0234346e+02
   1.0959853e+02
   9.0721159e+01
   6.5141191e+01
   7.1607931e+01
   1.0931148e+02
   1.3257404e+02
   1.1645131e+02
   8.8783368e+01
   7.8146962e+01
   7.4697065e+01
   7.6241270e+01
   1.2646016e+02
   2.4899345e+02
   3.7205688e+02
   3.8897354e+02
   2.8995986e+02
   1.7060264e+02
   1.0533342e+02
   7.7103372e+01
   4.7219128e+01
   2.5307049e+01
   3.1291904e+01
   4.2747120e+01
   3.0204713e+01
   8.8997076e+00
   8.4238129e+00
   1.9260952e+01
   1.4903173e+01
   2.6035519e+00
   5.6432446e+00
   1.5647027e+01
   1.0153714e+01
   1.0871469e-01
   1.0116412e+01
   2.6336064e+01
   1.7502577e+01
  -3.6902153e+00
   1.7736836e+00
   2.7993327e+01
   3.4746794e+01
   2.6567496e+01
   4.7605493e+01
   9.0500772e+01
   9.4476442e+01
   5.6651948e+01
   5.0195760e+01
   8.6743139e+01
   7.2087620e+01
  -3.2161247e+00
   7.3016913e+01
   5.1214040e+02
   1.1747286e+03
   1.6066204e+03
   1.4925158e+03
   9.7591142e+02
   4.6390140e+02
   2.0383600e+02
   1.4163383e+02
   1.2331230e+02
   9.2521693e+01
   7.3090061e+01
   6.8824730e+01
   5.4193818e+01
   2.6199044e+01
   8.6508289e+00
   1.1652229e+01
   2.0608628e+01
   2.4023728e+01
   2.6882847e+01
   3.3012196e+01
   3.4170783e+01
   2.5295608e+01
   1.6368535e+01
   1.7340434e+01
   2.1036167e+01
   1.5712126e+01
   8.1779654e+00
   1.5081087e+01
   3.1956453e+01
   3.4159565e+01
   1.5379251e+01
   4.2175227e-01
   5.5337084e+00
   1.1901719e+01
   1.2203091e+00
  -8.4122919e+00
   4.8315577e+00
   2.0985291e+01
   9.1247001e+00
  -1.3167383e+01
  -4.3500932e+00
   2.6511870e+01
   3.2764974e+01
   1.7764806e+01
   3.4874274e+01
   8.5055539e+01
   9.9731575e+01
   6.1004664e+01
   4.4204026e+01
   7.8843944e+01
   7.5557509e+01
   7.9404324e+00
   7.1678782e+01
   4.7037612e+02
   1.0531598e+03
   1.3696959e+03
   1.1658244e+03
   6.7384975e+02
   3.0747012e+02
   1.9998824e+02
   1.8498614e+02
   1.2749766e+02
   7.1780396e+01
   7.4057344e+01
   8.0498936e+01
   3.7226405e+01
  -7.0335859e+00
   9.6463180e+00
   5.4863883e+01
   6.1923114e+01
   3.6571637e+01
   2.8059891e+01
   3.7010524e+01
   2.6628431e+01
  -8.0711339e-01
  -8.6464962e+00
   5.7229302e+00
   9.4264890e+00
  -3.4849964e+00
  -4.6056991e+00
   1.1982622e+01
   1.7468799e+01
   1.3784477e+00
  -9.7520620e+00
  -3.3010421e-01
   8.9207394e+00
   1.0113634e+00
  -8.1873847e+00
  -1.8879105e+00
   7.3846085e+00
   2.8641749e+00
  -6.4230095e+00
  -4.2842649e+00
   6.0111527e+00
   1.7887383e+01
   4.2796780e+01
   8.5708213e+01
   1.1588774e+02
   9.8016999e+01
   4.6914141e+01
   1.6091808e+01
   2.8524397e+01
   5.1499315e+01
   5.1201067e+01
   4.1431675e+01
   5.5298354e+01
   8.9560531e+01
   1.0788954e+02
   9.3553398e+01
   6.9105870e+01
   5.7814992e+01
   5.2490545e+01
   4.1558493e+01
   4.7347578e+01
   1.0605246e+02
   2.0714770e+02
   2.8203593e+02
   2.7215933e+02
   1.9318605e+02
   1.1110203e+02
   6.5633330e+01
   4.3656124e+01
   2.3944079e+01
   1.2877568e+01
   2.1123776e+01
   3.3098769e+01
   2.6377028e+01
   7.3271731e+00
   7.5000035e-01
   1.0642267e+01
   1.7224321e+01
   1.1689025e+01
   7.7953480e+00
   1.3830054e+01
   1.7270333e+01
   8.2194534e+00
  -2.1543868e+00
  -9.2197978e-01
   5.1326783e+00
   3.5596187e+00
  -1.4684827e+00
   8.9948091e-01
   6.1806347e+00
   2.7155261e+00
  -4.8507819e+00
  -1.9124662e+00
   9.8572109e+00
   1.6482206e+01
   2.1848706e+01
   4.5585297e+01
   8.2529739e+01
   9.4769243e+01
   6.4907658e+01
   3.1163382e+01
   3.7308638e+01
   6.6297495e+01
   6.9132426e+01
   5.7875369e+01
   1.1412827e+02
   2.7376793e+02
   4.4295097e+02
   4.8190856e+02
   3.6485422e+02
   2.0932718e+02
   1.3798181e+02
   1.5310742e+02
   1.7004142e+02
   1.3730392e+02
   8.0738922e+01
   4.3425805e+01
   3.0117735e+01
   2.2878972e+01
   1.7431989e+01
   2.0246909e+01
   2.6586796e+01
   2.4353726e+01
   1.3825851e+01
   6.4394294e+00
   6.4258117e+00
   7.4967873e+00
   6.6320997e+00
   8.2206542e+00
   1.3193220e+01
   1.5312260e+01
   1.1605054e+01
   7.6046951e+00
   8.2105356e+00
   1.0435829e+01
   9.5485209e+00
   6.7547134e+00
   6.1861052e+00
   8.1387012e+00
   9.3020957e+00
   7.3246694e+00
   2.9344323e+00
   6.3725234e-02
   4.5913104e+00
   1.8732153e+01
   3.5572416e+01
   4.4453241e+01
   4.3826965e+01
   4.3078629e+01
   4.8764849e+01
   5.5371837e+01
   5.4140863e+01
   4.5207586e+01
   3.5699433e+01
   3.1156675e+01
   3.4288179e+01
   4.6224421e+01
   6.2392581e+01
   7.3338581e+01
   7.7007910e+01
   8.2924226e+01
   9.5953472e+01
   1.0751322e+02
   1.1765136e+02
   1.5185830e+02
   2.2763853e+02
   3.0898696e+02
   3.3053481e+02
   2.7802683e+02
   2.1133211e+02
   1.8680358e+02
   1.8768227e+02
   1.6262624e+02
   1.0689931e+02
   6.1110434e+01
   4.2280895e+01
   2.6451775e+01
   2.4356189e+00
  -6.4692392e+00
   9.7608122e+00
   2.2398045e+01
   1.1243710e+01
  -1.8609367e-01
   1.2431923e+01
   2.9129189e+01
   2.0615396e+01
   7.8561447e-01
   1.1431056e+00
   1.3845219e+01
   8.4747731e+00
  -8.5550856e+00
  -4.3341431e+00
   1.7134322e+01
   1.8583103e+01
  -1.3872700e+00
  -2.8322401e+00
   2.1010070e+01
   2.7519443e+01
   4.6017176e+00
  -7.4373753e-01
   3.1200178e+01
   4.8498850e+01
   2.1414074e+01
   7.2615136e+00
   4.6022180e+01
   6.6347656e+01
   1.3804842e+01
   1.9770263e+01
   2.7350325e+02
   7.0619584e+02
   9.7119776e+02
   8.3073242e+02
   4.4283492e+02
   1.5140330e+02
   8.4325388e+01
   9.8793452e+01
   6.2959751e+01
   1.4134146e+01
   2.1411581e+01
   4.9392957e+01
   3.5108829e+01
  -3.1136467e-01
  -2.0944870e+00
   1.8704314e+01
   1.5288990e+01
  -6.5983189e+00
  -4.9887664e+00
   1.8320468e+01
   2.2817579e+01
   2.6756441e+00
  -6.8633945e+00
   5.7758446e+00
   1.2930513e+01
   1.8387721e+00
  -5.0083463e+00
   5.4601960e+00
   1.4506121e+01
   8.4628887e+00
   1.6278350e+00
   5.8358081e+00
   8.6619592e+00
  -4.9422331e-02
  -6.9906465e+00
   3.6658275e-01
   1.1071039e+01
   1.0777491e+01
   4.9482164e+00
   4.3774499e+00
   5.7873376e+00
   4.7178966e+00
   1.0425275e+01
   2.8341969e+01
   4.2630377e+01
   3.6834355e+01
   1.9886064e+01
   1.1459111e+01
   1.2537670e+01
   1.1770134e+01
   1.1311609e+01
   2.2438870e+01
   4.0829574e+01
   5.0076392e+01
   4.8290615e+01
   4.8851097e+01
   5.4336833e+01
   5.2325136e+01
   4.0936470e+01
   3.6564455e+01
   4.7930305e+01
   6.1487952e+01
   6.3823575e+01
   6.2559125e+01
   7.0846791e+01
   8.3256929e+01
   8.5295263e+01
   8.3529300e+01
   1.0844574e+02
   1.7844529e+02
   2.6647094e+02
   3.1286238e+02
   2.7872255e+02
   1.8577994e+02
   9.5869629e+01
   4.9501344e+01
   3.5185984e+01
   2.2925616e+01
   8.7425039e+00
   7.7401568e+00
   1.7658957e+01
   1.8595158e+01
   6.9774300e+00
   1.0672025e+00
   7.5748548e+00
   1.0047934e+01
   1.2255838e-01
  -6.3655685e+00
   1.0111667e+00
   7.0508382e+00
  -4.1237220e-01
  -5.3914651e+00
   8.4867554e+00
   2.6358960e+01
   2.7228840e+01
   2.2085635e+01
   3.2296669e+01
   4.4977835e+01
   3.2404913e+01
   8.4785644e+00
   1.5874045e+01
   5.2589641e+01
   6.7968789e+01
   5.6055786e+01
   9.6927157e+01
   2.5229467e+02
   4.5123594e+02
   5.4315062e+02
   4.6361758e+02
   2.9719741e+02
   1.6703960e+02
   1.0990183e+02
   8.3389456e+01
   5.4320863e+01
   3.3504883e+01
   3.5515158e+01
   4.7958493e+01
   5.2123726e+01
   4.8897048e+01
   4.9177123e+01
   5.3100122e+01
   5.3664213e+01
   5.2402310e+01
   5.5871103e+01
   5.9454974e+01
   5.0066646e+01
   2.7482961e+01
   9.1938907e+00
   7.3074784e+00
   1.2338661e+01
   9.7018582e+00
   1.9576237e+00
   1.0504264e+00
   6.2614742e+00
   7.1624178e+00
   4.5538341e+00
   8.7882224e+00
   1.7097773e+01
   1.4029880e+01
  -8.1386963e-01
  -7.7261863e+00
   1.2743173e+00
   8.2137432e+00
   5.8483673e-01
  -6.0059788e+00
   3.6893535e+00
   1.5493791e+01
   1.1337217e+01
   4.3494125e+00
   1.6056738e+01
   3.4379520e+01
   3.2879886e+01
   2.0463711e+01
   2.8044480e+01
   5.6910416e+01
   1.0075604e+02
   2.1723556e+02
   4.8788437e+02
   8.5911748e+02
   1.1013097e+03
   1.0200659e+03
   6.8332027e+02
   3.5350525e+02
   2.0032570e+02
   1.6562003e+02
   1.2028129e+02
   5.0570838e+01
   2.5937284e+01
   5.5705870e+01
   7.3669223e+01
   4.6699067e+01
   1.5877334e+01
   1.8573145e+01
   3.2984091e+01
   2.5225108e+01
   4.8371974e+00
   3.7458055e-01
   1.0094892e+01
   1.1429824e+01
   2.3805095e+00
   1.1201392e+00
   1.1539913e+01
   1.7518417e+01
   1.1390241e+01
   4.5933661e+00
   5.7405543e+00
   7.4808830e+00
   2.5948223e+00
  -2.3787072e+00
   5.7031074e-01
   6.4356905e+00
   5.8833480e+00
   6.0498491e-01
  -1.0172927e+00
   1.6789080e+00
   2.8240732e+00
   2.6466160e+00
   7.3390391e+00
   1.6716602e+01
   2.3159385e+01
   2.4239370e+01
   2.5534293e+01
   2.8435435e+01
   2.7031564e+01
   2.1495527e+01
   2.1178570e+01
   2.6749798e+01
   2.4124170e+01
   8.9198975e+00
   1.6734653e+00
   1.8767511e+01
   4.1166789e+01
   3.9999459e+01
   2.5656870e+01
   3.4910233e+01
   6.6541703e+01
   7.4065758e+01
   4.3718934e+01
   3.6813037e+01
   1.1142194e+02
   2.2874094e+02
   2.9211397e+02
   2.7308467e+02
   2.4301688e+02
   2.6779297e+02
   3.2276547e+02
   3.4047237e+02
   3.0115280e+02
   2.3545209e+02
   1.6534026e+02
   9.0975420e+01
   2.6179545e+01
  -1.1733334e+00
   8.5354059e+00
   2.0657741e+01
   1.4590241e+01
   8.0561729e+00
   1.9220043e+01
   3.3476671e+01
   2.9437442e+01
   1.5296357e+01
   1.2706311e+01
   1.9076112e+01
   1.4474324e+01
  -1.1461182e+00
  -6.8093834e+00
   3.0878948e+00
   9.0207426e+00
   2.1945531e-01
  -6.5927867e+00
   4.2531969e+00
   2.0589937e+01
   2.2367077e+01
   1.3394037e+01
   1.2144829e+01
   2.0488572e+01
   2.4141311e+01
   1.9648426e+01
   1.7912293e+01
   2.1894478e+01
   2.4957023e+01
   3.3216222e+01
   6.1352835e+01
   9.7953663e+01
   1.0722209e+02
   8.4589485e+01
   7.8802629e+01
   1.2686947e+02
   1.9511959e+02
   2.3086895e+02
   2.5251809e+02
   3.2322894e+02
   4.3068178e+02
   4.6550523e+02
   3.5819307e+02
   1.8333550e+02
   7.2633237e+01
   5.9155166e+01
   6.9282083e+01
   4.7496399e+01
   1.6431898e+01
   9.2411358e+00
   1.2077037e+01
   2.1875181e+00
  -7.7858006e+00
   5.9128880e-01
   1.3145891e+01
   9.1906940e+00
  -9.2685198e-01
   2.3011308e+00
   1.0430375e+01
   5.0430806e+00
  -5.8212629e+00
  -3.0480065e+00
   6.7989104e+00
   4.3014100e+00
  -5.3768011e+00
  -2.7177483e+00
   8.0592012e+00
   6.9444555e+00
  -2.9578797e+00
  -1.3971822e+00
   9.4059184e+00
   9.9631767e+00
   4.5164815e+00
   1.4120061e+01
   3.0227155e+01
   2.3783152e+01
   3.6946523e+00
   9.8987897e+00
   3.7143603e+01
   3.2506011e+01
  -2.6485724e+00
   1.9289935e+01
   1.4764720e+02
   3.0089256e+02
   3.7565194e+02
   3.9962889e+02
   4.7664775e+02
   6.0049200e+02
   6.3718077e+02
   5.1320325e+02
   3.2051589e+02
   1.8675872e+02
   1.2367027e+02
   6.9225561e+01
   1.4009569e+01
  -1.4557913e-01
   2.5412782e+01
   3.8298659e+01
   1.7799336e+01
  -2.4952530e+00
  -1.9678825e-02
   6.9784790e+00
   5.6876249e+00
   1.1981631e+01
   2.9724355e+01
   3.2771106e+01
   1.0417049e+01
  -8.0963535e+00
   7.7496264e-02
   1.4359497e+01
   8.0794827e+00
  -6.8756620e+00
  -4.8742299e+00
   7.7370571e+00
   7.0424231e+00
  -4.5926620e+00
  -5.1928135e+00
   5.5639204e+00
   7.0326938e+00
  -3.6213347e+00
  -6.8637311e+00
   2.9593168e+00
   8.0562421e+00
   4.4619045e-01
  -3.6834619e+00
   6.5743485e+00
   1.7949238e+01
   1.6919797e+01
   1.1482306e+01
   1.4265357e+01
   2.1798450e+01
   2.6113896e+01
   3.1691435e+01
   4.5044057e+01
   6.0485285e+01
   7.0698538e+01
   7.7568962e+01
   7.8633613e+01
   6.2586369e+01
   4.0408815e+01
   5.9301393e+01
   1.4755081e+02
   2.5362608e+02
   2.8416509e+02
   2.1224633e+02
   1.1139775e+02
   6.5758736e+01
   7.9638896e+01
   9.9586168e+01
   9.4822546e+01
   7.8216061e+01
   6.4133222e+01
   4.7880982e+01
   2.8494272e+01
   1.8119660e+01
   1.9413045e+01
   1.8031932e+01
   7.1651847e+00
  -8.6754774e-01
   2.8458303e+00
   8.4034523e+00
   5.4451608e+00
   3.4594211e-01
   2.3980281e+00
   6.9491227e+00
   5.7683436e+00
   2.3130231e+00
   3.1350747e+00
   4.5635818e+00
   1.4659370e+00
  -6.0654492e-01
   3.9352088e+00
   7.4924403e+00
   1.9282942e+00
  -4.3966595e+00
   1.1870125e+00
   1.4155211e+01
   2.0872424e+01
   2.0832050e+01
   2.2077817e+01
   2.1959884e+01
   1.4202339e+01
   8.5542710e+00
   1.8373469e+01
   3.3906478e+01
   3.6683669e+01
   3.5677770e+01
   5.2537563e+01
   7.2410016e+01
   6.0021103e+01
   3.9623409e+01
   9.9646432e+01
   2.7143704e+02
   4.4534315e+02
   4.7182035e+02
   3.3288163e+02
   1.5527642e+02
   5.6462632e+01
   3.6699594e+01
   3.3858397e+01
   2.2025341e+01
   1.6916387e+01
   2.3693838e+01
   2.7663958e+01
   2.3952593e+01
   2.1107891e+01
   1.9651202e+01
   1.2210818e+01
   1.6111190e+00
  -1.3185774e+00
   4.7893097e+00
   1.2524793e+01
   1.9575066e+01
   2.7292261e+01
   3.0590694e+01
   2.4037790e+01
   1.3541471e+01
   8.3203738e+00
   6.3093470e+00
   9.2112153e-01
  -4.0337287e+00
  -1.2477415e+00
   4.2203944e+00
   2.3788634e+00
  -3.2717029e+00
  -1.8598870e+00
   4.4685163e+00
   4.6314252e+00
   2.4635557e-01
   3.7296131e+00
   1.5642215e+01
   2.3570713e+01
   2.3989540e+01
   2.5042348e+01
   2.6186714e+01
   1.7231802e+01
   2.1641912e+00
   1.1251329e+00
   1.9887315e+01
   3.7815125e+01
   3.6746976e+01
   2.3700668e+01
   1.4638828e+01
   1.3789552e+01
   1.9690275e+01
   3.2858754e+01
   4.5706173e+01
   4.4749477e+01
   3.5847621e+01
   4.4652608e+01
   7.5374409e+01
   9.4750304e+01
   8.1193618e+01
   6.4145156e+01
   8.0118222e+01
   1.0967510e+02
   1.0168455e+02
   5.1969580e+01
   1.1657991e+01
   1.3378170e+01
   3.2213880e+01
   3.2921854e+01
   1.7762118e+01
   7.2361027e+00
   4.0994614e+00
   5.2221056e-01
  -1.1792307e+00
   2.5470890e+00
   3.8329521e+00
  -1.6859350e+00
  -3.6003227e+00
   3.2674387e+00
   6.0867050e+00
  -1.6679641e+00
  -4.4722586e+00
   5.9214957e+00
   9.2959777e+00
  -6.9107261e+00
  -1.4567706e+01
   1.3072424e+01
   4.5842016e+01
   3.5998173e+01
   7.8016963e+00
   4.3298565e+01
   1.5541241e+02
   2.3496786e+02
   1.8141085e+02
   6.0226536e+01
   6.1859579e+01
   2.8410210e+02
   5.9497504e+02
   7.4720662e+02
   6.2168892e+02
   3.3432905e+02
   1.0294665e+02
   3.5468273e+01
   6.6868963e+01
   8.1358530e+01
   4.7400163e+01
   1.3657261e+01
   1.2769632e+01
   2.1792446e+01
   1.4602318e+01
   4.5051953e+00
   1.3681954e+01
   3.2050384e+01
   3.4319584e+01
   1.9939813e+01
   9.1511091e+00
   9.1144559e+00
   8.8487590e+00
   3.6488974e+00
   1.8533053e+00
   6.4602188e+00
   8.7214771e+00
   3.7452746e+00
  -1.7462424e+00
  -1.2619785e+00
   2.8148197e+00
   5.7306759e+00
   6.5992432e+00
   5.6353705e+00
   2.5859639e+00
  -4.4905734e-01
  -7.5305023e-01
   3.2725486e-01
   7.4338164e-02
   1.4332718e-01
   3.2739560e+00
   6.9664876e+00
   8.1199993e+00
   1.1269660e+01
   2.3279052e+01
   4.1312329e+01
   5.4554224e+01
   5.6751553e+01
   4.9745264e+01
   3.7346390e+01
   2.3991814e+01
   1.6368378e+01
   1.7567969e+01
   2.2657951e+01
   2.7509928e+01
   3.5738546e+01
   4.8062996e+01
   5.4908177e+01
   5.3232128e+01
   5.9984186e+01
   9.2060947e+01
   1.4631759e+02
   2.2127852e+02
   3.3746746e+02
   4.9286792e+02
   6.0860798e+02
   5.8131160e+02
   4.1085799e+02
   2.2462390e+02
   1.3924897e+02
   1.3829761e+02
   1.2748992e+02
   7.2219244e+01
   2.0552339e+01
   9.3964643e+00
   1.5949058e+01
   1.0319683e+01
   6.5559927e-01
   3.9753450e+00
   1.1770821e+01
   9.3913619e+00
   2.4107714e+00
   1.9153927e+00
   3.9289812e+00
   1.3219984e+00
  -1.1640426e+00
   1.2746148e+00
   2.5335132e+00
  -1.1367586e+00
  -2.5069634e+00
   1.4999320e+00
   2.5133024e+00
  -2.0098563e+00
  -2.0352755e+00
   5.5560386e+00
   1.0428293e+01
   1.0635856e+01
   1.8303148e+01
   3.3251752e+01
   3.7141367e+01
   2.7202856e+01
   2.6386216e+01
   4.2169990e+01
   4.7776242e+01
   2.8599178e+01
   1.2991001e+01
   2.4725650e+01
   3.9546259e+01
   3.0059902e+01
   1.9428781e+01
   3.7498245e+01
   5.5281706e+01
   3.2711218e+01
   1.1421921e+01
   7.4635845e+01
   2.1205509e+02
   3.1413600e+02
   3.2581352e+02
   3.1852782e+02
   3.6259768e+02
   4.0931308e+02
   3.7246739e+02
   2.6656055e+02
   1.7675385e+02
   1.2770240e+02
   7.4260908e+01
   8.2868566e+00
  -1.8822294e+01
   8.5148839e+00
   3.4070800e+01
   1.7318102e+01
  -9.0439847e+00
  -3.9102860e+00
   1.5267660e+01
   1.2116805e+01
  -5.3020380e+00
  -6.5993275e+00
   5.4243357e+00
   5.9924975e+00
  -4.4626667e+00
  -5.4175259e+00
   3.5939855e+00
   4.8045484e+00
  -2.9287361e+00
  -3.8543854e+00
   3.7714096e+00
   5.5995622e+00
  -1.1530893e+00
  -3.4059018e+00
   4.0074525e+00
   1.1899960e+01
   1.4398192e+01
   1.4377463e+01
   1.2311728e+01
   7.1233744e+00
   5.7392682e+00
   1.4519368e+01
   2.4595003e+01
   2.3444379e+01
   1.6802857e+01
   2.0688191e+01
   3.7252627e+01
   5.8515702e+01
   8.6177247e+01
   1.2336933e+02
   1.5628695e+02
   1.7671180e+02
   2.1501932e+02
   3.0465195e+02
   4.0713920e+02
   4.2446920e+02
   3.1494369e+02
   1.5710754e+02
   6.1242255e+01
   4.6969687e+01
   5.0556880e+01
   2.9449729e+01
   4.6863974e+00
   3.2505662e+00
   1.2736800e+01
   1.1177739e+01
   3.5743636e+00
   4.6225313e+00
   9.9406066e+00
   7.6853589e+00
   1.9328087e+00
   3.1470935e+00
   7.2039520e+00
   3.7536823e+00
  -2.8308399e+00
  -1.0373797e-01
   9.6005005e+00
   1.1557749e+01
   3.0238016e+00
  -2.0934227e+00
   4.1783058e+00
   1.1830781e+01
   9.6490226e+00
   1.7715152e+00
  -1.0448150e+00
   2.4265579e+00
   6.3851996e+00
   1.0265241e+01
   1.7318369e+01
   2.4237307e+01
   2.3840338e+01
   1.7784262e+01
   1.5698321e+01
   2.1035547e+01
   2.9213436e+01
   4.0098247e+01
   5.6616042e+01
   6.8581345e+01
   6.1176386e+01
   5.1052731e+01
   8.5423765e+01
   1.7702881e+02
   2.6394765e+02
   2.7797442e+02
   2.4098889e+02
   2.3755171e+02
   2.8676485e+02
   3.0629764e+02
   2.3516687e+02
   1.3191218e+02
   9.3565950e+01
   1.1917454e+02
   1.2594125e+02
   8.0261340e+01
   3.3286947e+01
   2.3635951e+01
   2.2979448e+01
   3.2760581e+00
  -9.8938351e+00
   8.5318180e+00
   2.9401737e+01
   1.7648014e+01
  -6.3362916e+00
  -3.8702017e+00
   1.4864607e+01
   1.3272217e+01
  -5.1646386e+00
  -7.1529208e+00
   7.8870143e+00
   9.6622952e+00
  -4.9754634e+00
  -8.2131865e+00
   4.7135707e+00
   8.0377109e+00
  -3.4174087e+00
  -4.4962987e+00
   9.9621507e+00
   1.2899043e+01
  -3.3326495e+00
  -9.7826906e+00
   6.4317260e+00
   1.7527287e+01
   6.1447553e+00
  -2.5061572e+00
   1.2158633e+01
   2.7807882e+01
   2.2276362e+01
   1.9140075e+01
   5.2268808e+01
   1.1357503e+02
   1.7247080e+02
   2.2096792e+02
   2.6429254e+02
   2.9384664e+02
   3.0519167e+02
   3.1332792e+02
   3.1315144e+02
   2.6245260e+02
   1.5278176e+02
   5.7171549e+01
   4.3455043e+01
   7.4860785e+01
