34
126
47
38
205
154
159
85
124
40
178
539
1374
1515
829
858
458
377
301
277
288
244
257
80
24
53
46
74
52
29
33
21
18
36
40
19
10
7
4
11
0
0
11
25
32
50
37
70
89
81
169
173
159
124
89
89
91
112
114
167
175
172
154
197
282
499
581
803
722
704
545
397
305
229
147
134
82
60
50
37
33
10
25
28
4
13
15
9
2
2
11
2
0
0
9
17
3
21
67
84
79
68
57
66
64
82
48
80
66
122
259
150
136
102
145
156
249
314
422
445
211
160
132
99
111
119
80
106
67
44
42
31
36
20
17
14
11
22
51
18
3
14
2
9
9
4
0
2
7
16
52
51
47
135
102
157
91
90
82
69
99
93
102
118
34
89
105
137
108
92
85
65
84
114
270
354
390
304
156
110
83
36
34
30
41
28
12
12
13
14
7
9
8
10
5
11
26
7
5
10
19
25
34
69
68
75
95
49
65
53
44
90
411
1246
1673
1320
1138
383
212
166
105
83
99
57
44
38
8
9
20
27
18
48
27
17
25
21
16
12
11
18
36
22
18
8
8
0
0
4
5
13
0
3
2
10
28
27
53
68
75
90
64
55
37
50
126
379
1029
1495
1120
578
400
217
138
113
101
96
49
23
15
30
25
53
63
23
33
17
7
0
0
0
2
3
9
11
0
0
0
0
0
0
0
0
0
0
0
0
12
52
81
130
71
61
27
19
42
58
53
48
75
124
95
63
56
53
44
54
102
180
328
257
168
129
82
24
20
20
33
18
25
15
2
6
17
12
10
15
14
6
2
2
0
1
3
5
0
0
0
2
5
10
32
47
72
101
67
24
48
58
66
65
127
233
488
458
370
203
158
121
203
119
78
54
30
12
27
15
34
16
15
12
2
9
5
8
18
11
10
11
9
8
9
8
8
5
11
7
1
5
2
13
45
41
42
42
52
59
43
54
34
32
29
52
62
71
73
95
88
102
123
167
204
304
367
257
190
212
199
142
89
103
27
13
6
5
11
10
8
14
14
19
12
19
2
3
2
4
3
6
5
19
0
13
14
16
14
26
16
42
40
19
28
52
69
200
673
1090
775
394
191
122
55
49
41
34
27
28
13
8
6
7
4
2
8
23
1
1
7
2
2
8
1
5
13
8
4
2
1
0
0
0
22
0
7
4
4
12
25
53
24
21
22
8
5
13
33
34
43
57
49
52
52
38
42
48
61
54
72
80
68
79
103
109
163
255
356
253
166
128
42
28
21
15
11
11
19
7
5
8
4
0
1
0
0
1
1
6
25
22
30
32
47
17
18
36
24
65
81
98
215
489
518
502
242
202
113
71
51
41
38
44
51
46
57
53
47
49
72
46
55
23
14
8
11
4
8
3
4
2
8
14
14
9
0
0
0
0
0
6
2
3
15
14
15
26
27
38
24
56
81
231
522
830
1016
1210
541
355
256
169
69
73
40
50
65
45
24
22
28
17
12
9
0
10
2
12
6
10
15
13
1
1
7
1
0
2
6
4
0
0
0
0
21
9
13
36
27
26
20
24
30
26
9
17
12
11
36
39
37
39
40
98
29
61
91
203
355
243
207
323
298
338
320
188
231
53
21
8
22
7
10
12
28
32
14
26
18
16
6
3
0
0
4
0
0
6
9
30
13
13
20
20
22
21
24
15
35
71
98
93
87
92
136
151
264
254
346
329
592
310
142
119
61
51
44
27
16
0
0
0
2
10
4
2
12
1
0
3
0
0
0
2
2
0
1
9
0
0
10
7
25
19
15
15
24
16
28
2
62
87
304
416
419
370
688
652
455
326
227
105
56
20
10
19
42
6
5
8
0
3
0
67
4
5
7
4
5
2
2
0
2
0
2
0
2
0
0
0
0
2
1
3
10
4
20
23
9
14
32
30
56
45
71
88
81
51
32
90
129
240
311
195
120
57
90
85
118
54
75
50
28
11
25
21
1
0
8
4
3
7
1
0
12
4
0
1
7
0
0
9
0
0
2
4
32
14
31
10
19
11
22
25
34
47
58
50
64
67
76
268
446
503
296
160
70
42
15
21
37
17
14
32
29
15
4
7
5
1
4
28
30
27
16
26
5
3
0
0
0
0
1
1
0
0
1
8
6
5
26
33
19
24
17
7
4
7
47
36
27
6
17
22
39
30
54
38
44
69
101
73
83
63
98
142
18
12
39
3
54
6
12
2
2
0
0
3
0
0
0
0
5
1
0
0
0
2
0
21
65
27
23
69
421
42
63
114
294
523
821
549
430
16
66
74
88
26
17
25
22
4
2
28
25
34
16
13
15
1
2
7
8
5
2
1
1
0
4
9
7
0
0
0
0
0
0
5
4
7
19
20
26
83
37
51
43
23
15
17
21
36
25
50
68
36
56
127
110
224
350
522
529
645
417
181
154
161
110
65
31
11
13
7
1
11
8
3
11
0
2
0
3
0
0
0
0
0
0
0
0
4
8
12
21
33
32
30
29
40
54
7
36
30
16
26
53
30
21
50
34
81
145
345
412
208
351
520
314
228
208
167
28
3
2
15
25
0
10
2
3
9
0
0
0
0
0
0
0
0
0
0
2
2
0
0
3
9
15
18
9
8
4
21
14
31
20
10
43
62
80
133
136
196
220
288
384
507
224
199
62
45
44
27
15
2
6
13
4
11
4
3
9
5
3
1
0
5
4
10
5
2
0
11
11
2
1
0
4
13
20
24
15
23
24
15
23
31
102
27
45
103
74
128
314
269
237
221
308
302
242
98
139
91
137
73
33
37
11
0
0
3
37
4
0
3
11
5
0
0
4
1
0
0
0
0
0
5
7
1
2
0
5
2
12
12
5
16
25
35
50
95
166
277
199
328
295
310
339
233
146
84
51
52
