0.000266126126126126
0.00015009009009009
8.3063063063063e-05
0.000233693693693694
7.56756756756757e-05
3.53153153153153e-05
1.26126126126126e-05
2.52252252252252e-05
0.000114675675675676
0.000123495495495495
2.09189189189189e-05
6.54954954954955e-06
0.000144918918918919
1.21621621621622e-05
9.0981981981982e-05
1.20720720720721e-05
4.33513513513514e-05
3.62972972972973e-05
1.66306306306306e-05
2.14234234234234e-05
4.54054054054054e-06
4.76396396396396e-05
6.68468468468468e-05
5.46846846846847e-05
9.42342342342342e-05
2.12612612612613e-05
8.46846846846847e-05
3.32432432432432e-05
0.000108918918918919
4.25225225225225e-05
0.000118378378378378
4.25225225225225e-05
0.000106306306306306
0.000636648648648649
9.41441441441441e-05
0.000637837837837838
8.5045045045045e-05
0.000403873873873874
4.25225225225225e-05
0.000425225225225225
3.55405405405405e-05
0.000302199488491049
0.000150383631713555
0.000134629156010230
2.72122762148338e-05
3.29411764705882e-05
3.86700767263427e-05
4.29667519181586e-06
5.01278772378517e-05
5.20920716112532e-05
0.000102455242966752
3.40562659846547e-05
3.3769820971867e-05
6.09616368286445e-05
5.23785166240409e-05
1.74629156010230e-05
3.26240409207161e-05
2.23222506393862e-05
2.80511508951407e-05
2.60460358056266e-05
6.55754475703325e-05
0.000120716112531969
2.41432225063939e-05
2.41432225063939e-05
3.43734015345269e-05
1.03324808184143e-05
9.65728900255755e-05
0.000195764705882353
0.000195764705882353
0.000265575447570332
0.000289718670076726
7.24296675191816e-05
4.82864450127877e-05
9.65728900255755e-05
2.60460358056266e-05
0.000524724409448819
0.000462992125984252
3.08661417322835e-05
0.000110236220472441
5.73228346456693e-05
2.20472440944882e-05
3.08661417322835e-05
3.08661417322835e-05
0.000191181102362205
4.25196850393701e-05
3.61259842519685e-05
8.10708661417323e-05
8.81889763779528e-06
0.000150677165354331
4.25196850393701e-05
6.39370078740158e-05
0.000148661417322835
4.25196850393701e-05
2.11023622047244e-05
4.25196850393701e-05
4.25196850393701e-05
8.50393700787402e-05
0.000185196850393701
0.000148661417322835
7.43307086614173e-05
0.000222992125984252
0.000182177435289468
0.000260027662517289
1.93637621023513e-05
1.93637621023513e-05
3.59612724757953e-05
2.76625172890733e-05
1.38312586445367e-05
7.19225449515906e-06
0.000670914838964631
0.000271883027069749
0.000557849462365591
5.72043010752688e-05
7.52688172043011e-05
2.10752688172043e-05
2.10752688172043e-05
2.10752688172043e-05
6.32258064516129e-05
2.34623655913978e-05
5.05376344086021e-05
4.21505376344086e-05
0.000281505376344086
7.93548387096774e-05
0.000101075268817204
3.61290322580645e-05
5.05376344086021e-05
9.3763440860215e-05
0.000122795698924731
5.78494623655914e-05
0.00024305376344086
7.93548387096774e-05
0.000151612903225806
0.000101075268817204
0.000361601377529057
0.000138613861386139
7.83469651312957e-05
7.83469651312957e-05
4.218682737839e-05
0.000144640551011623
4.82135170038743e-05
3.61601377529057e-05
2.41067585019372e-06
0.000171028842014636
0.00041928540680155
0.000152826510721248
0.000147368421052632
2.72904483430799e-05
5.45808966861598e-05
3.82066276803119e-05
0.000130994152046784
4.36647173489279e-05
2.18323586744639e-05
1.41910331384016e-05
3.38011695906433e-05
7.08771929824561e-05
9.92592592592593e-05
0.000288109161793372
0.000288109161793372
0.000288109161793372
0.000116182572614108
3.48547717842324e-05
8.13278008298755e-05
9.29460580912863e-05
9.29460580912863e-05
3.48547717842324e-05
4.87966804979253e-05
3.71784232365145e-05
0.000193103448275862
0.000337931034482759
6.75862068965517e-05
4.82758620689655e-05
0.000202758620689655
5.79310344827586e-05
3.86206896551724e-05
0.000347586206896552
0.00068303448275862
0.000324137931034483
0.000532413793103448
0.000235896960711638
9.43661971830986e-05
0.000379540400296516
0.000147887323943662
0.000173832468495182
0.000479058561897702
0.000335989621942179
0.000311156412157153
0.000111934766493699
4.98517420311342e-05
2.48332097850259e-05
0.000317272053372869
4.98517420311342e-05
0.000149369903632320
8.08005930318755e-05
6.83839881393625e-05
9.17716827279466e-05
0.000522609340252039
4.35507783543365e-05
4.35507783543365e-05
8.71015567086731e-05
0.000404373610081542
5.80355630821338e-05
4.24005080440305e-05
2.56985605419136e-05
8.67061812023709e-05
2.13378492802710e-05
4.26333615580017e-05
6.96443691786622e-05
3.69602032176122e-05
5.25825571549534e-05
1.98983911939035e-05
9.94919559695174e-06
9.94919559695174e-06
8.10330228619814e-05
9.94919559695174e-06
1.13886536833192e-05
5.12277730736664e-06
2.84081287044877e-05
1.70618120237087e-05
9.94919559695174e-06
9.94919559695174e-06
9.6138865368332e-05
7.53175275190516e-05
3.97967823878069e-05
1.98983911939035e-05
5.96951735817104e-05
4.97459779847587e-05
2.98475867908552e-05
2.21142857142857e-05
3.17047619047619e-05
1.28571428571429e-05
3.46666666666667e-06
7.6e-05
4.8e-05
8.95238095238095e-05
2.23809523809524e-05
3.51428571428571e-05
5.11428571428571e-05
6.71428571428571e-05
5.11428571428571e-05
4.47619047619048e-05
9.61904761904762e-06
6.71428571428571e-05
1.27619047619048e-05
7.81720430107527e-06
3.5494623655914e-05
0.000100860215053763
0.000108279569892473
2.52688172043011e-05
2.52688172043011e-05
6.86021505376344e-05
1.44086021505376e-05
1.52150537634409e-05
0.000101075268817204
1.08602150537634e-05
1.44086021505376e-05
3.96774193548387e-05
0.000531768595041322
0.00019699173553719
3.79173553719008e-05
0.000854545454545455
0.000543801652892562
0.000310743801652893
7.76859504132231e-05
0.000288595041322314
0.000965619834710744
0.00117652892561983
4.4297520661157e-05
5.55371900826446e-05
7.76859504132231e-05
0.000199669421487603
0.000155371900826446
4.4297520661157e-05
3.30578512396694e-05
4.4297520661157e-05
8.89256198347107e-05
0.000510413223140496
0.000355041322314050
0.000399338842975207
0.000196429752066116
0.000221818181818182
0.000255206611570248
3.30578512396694e-05
0.000332892561983471
0.000155371900826446
7.76859504132231e-05
2.46620387285349e-05
0.000331202046035806
0.000159481183777859
4.29302155644867e-05
0.000159481183777859
8.58604311289733e-05
4.29302155644867e-05
6.7409572524662e-05
2.46620387285349e-05
3.0690537084399e-05
4.29302155644867e-05
6.7409572524662e-05
3.0690537084399e-05
2.44793569601754e-05
4.29302155644867e-05
2.44793569601754e-05
0.000156573643410853
7.93798449612403e-05
3.9906976744186e-05
1.34418604651163e-05
0.00026031007751938
0.000192558139534884
5.72093023255814e-05
3.64341085271318e-05
0.000452868217054264
7.28682170542636e-05
3.64341085271318e-05
2.60465116279070e-05
4.17054263565891e-05
4.17054263565891e-05
0.000202945736434109
2.07751937984496e-05
4.17054263565891e-05
0.000182170542635659
5.72093023255814e-05
0.000182170542635659
5.72093023255814e-05
2.07751937984496e-05
7.7984496124031e-05
0.000145736434108527
6.75968992248062e-05
7.28682170542636e-05
2.07751937984496e-05
7.02325581395349e-05
5.46511627906977e-05
0.000413837209302326
2.73255813953488e-05
2.73255813953488e-05
1.55813953488372e-05
1.55813953488372e-05
2.73255813953488e-05
1.55813953488372e-05
1.20720720720721e-05
1.20720720720721e-05
1.51351351351351e-05
3.53153153153153e-05
4.03603603603604e-05
1.76576576576577e-05
4.83618090452261e-05
1.71557788944724e-05
2.81407035175879e-06
2.7035175879397e-05
2.36180904522613e-05
1.68844221105528e-05
2.7035175879397e-05
1.34673366834171e-05
3.93969849246231e-05
0.000137889447236181
0.000192361809045226
1.34673366834171e-05
2.02010050251256e-05
1.34673366834171e-05
1.34673366834171e-05
4.72361809045226e-05
2.36180904522613e-05
4.72361809045226e-05
5.59583333333333e-05
4.42916666666667e-05
1.86111111111111e-05
3.26388888888889e-05
3.26388888888889e-05
3.73611111111111e-05
6.22222222222222e-05
0.000190555555555556
6.80555555555556e-05
3.73611111111111e-05
1.86111111111111e-05
6.52777777777778e-05
0.000134972067039106
2.99441340782123e-05
4.37988826815642e-05
0.000427709497206704
0.000109497206703911
1.16466876971609e-05
1.37665615141956e-05
0.00010801261829653
0.000120757097791798
2.96529968454259e-05
8.25867507886435e-05
1.48264984227129e-05
8.45425867507886e-06
2.54258675078864e-05
2.96529968454259e-05
4.00694006309148e-05
0.000103785488958991
1.48264984227129e-05
1.48264984227129e-05
3.715625e-05
6.5625e-06
2.09375e-05
5.3125e-06
9.50943396226415e-06
5.17358490566038e-05
2.52830188679245e-05
2.52830188679245e-05
3.79245283018868e-05
5.07547169811321e-05
2.52830188679245e-05
0.000101320754716981
5.68602150537634e-05
2.73763440860215e-05
5.14408602150538e-05
3.91397849462366e-06
1.17311827956989e-05
6.02150537634409e-07
1.95483870967742e-05
6.32258064516129e-06
2.52688172043011e-05
1.07526881720430e-05
3.65591397849462e-06
1.44086021505376e-05
1.44086021505376e-05
0.000107688172043011
5.05376344086021e-05
1.08602150537634e-05
3.36666666666667e-05
0.000203287671232877
0.000175616438356164
3.6986301369863e-05
6.43835616438356e-05
7.36986301369863e-05
3.67123287671233e-05
7.36986301369863e-05
3.67123287671233e-05
2.76712328767123e-05
3.67123287671233e-05
3.67123287671233e-05
5.81369863013699e-05
3.6986301369863e-05
0.000464109589041096
0.000245252525252525
8.2020202020202e-05
7.91919191919192e-05
5.41414141414141e-05
0.000125777777777778
5.41414141414141e-05
7.41843971631206e-05
8.36879432624113e-05
3.34751773049645e-05
9.2836879432624e-05
4.28368794326241e-05
1.66666666666667e-05
3.33333333333333e-05
1.66666666666667e-05
1.66666666666667e-05
4.75886524822695e-05
7.16312056737589e-06
1.42553191489362e-05
1.66666666666667e-05
1.66666666666667e-05
9.50354609929078e-06
0.000265900709219858
0.000226170212765957
5e-05
6.66666666666667e-05
7.8581560283688e-05
0.000114255319148936
5.71631205673759e-05
5.53990610328639e-05
5.53990610328639e-05
8.66197183098591e-05
0.000141784037558685
0.000307276995305164
0.000220657276995305
6.31455399061033e-05
3.14553990610329e-05
1.57276995305164e-05
0.000116244131455399
8.66197183098591e-05
7.88732394366197e-05
0.000157511737089202
0.000110328638497653
0.000126995305164319
0.000111058823529412
0.000221176470588235
0.000110588235294118
3.29411764705882e-05
0.000173647058823529
0.000221176470588235
4.66666666666667e-05
0.000130555555555556
0.000363611111111111
1.94444444444444e-05
0.000167777777777778
6.52777777777778e-05
0.000550194444444444
6.52777777777778e-05
6.52777777777778e-05
0.000130555555555556
0.000130555555555556
0.000195833333333333
5.4097605893186e-05
5.4097605893186e-05
0.000216390423572744
0.000139042357274401
6.76795580110497e-05
0.000154465930018416
5.4097605893186e-05
0.000108195211786372
0.000341965930018416
0.000139042357274401
5.4097605893186e-05
8.49447513812155e-05
3.08471454880295e-05
0.000108195211786372
0.000106341463414634
5.73170731707317e-05
6.5609756097561e-05
9e-05
7.17073170731707e-05
0.000818780487804878
9.02439024390244e-05
0.000196585365853659
0.000241560975609756
0.000114634146341463
0.000114634146341463
5.73170731707317e-05
5.73170731707317e-05
0.000114634146341463
8.74418604651163e-05
1.25581395348837e-05
5.31162790697674e-05
2.50232558139535e-05
6.24186046511628e-05
1.24651162790698e-05
2.18604651162791e-05
6.24186046511628e-05
0.000312279069767442
8.74418604651163e-05
0.000324744186046512
9.21302325581395e-05
0.000143627906976744
1.56279069767442e-05
3.74883720930233e-05
3.74883720930233e-05
3.63546798029557e-05
3.31034482758621e-05
6.60098522167488e-06
2.65024630541872e-05
1.19211822660099e-05
9.95073891625616e-06
6.60098522167488e-06
2.31527093596059e-05
3.64532019704434e-05
9.26108374384236e-05
0.000187586206896552
0.000138916256157635
3.31034482758621e-05
6.94581280788177e-05
0.000112413793103448
2.65024630541872e-05
0.000115763546798030
7.9670510708402e-05
8.89621087314662e-06
4.42174629324547e-05
7.74299835255354e-05
8.83031301482702e-06
1.32454695222405e-05
3.09719934102142e-05
5.31136738056013e-05
0.000230049423393740
0.000125469522240527
9.95716639209226e-05
3.98023064250412e-05
1.54859967051071e-05
3.61317957166392e-05
1.54859967051071e-05
0.000619422572178478
0.000132545931758530
0.000177165354330709
0.000704724409448819
0.000837270341207349
0.000353018372703412
0.000484251968503937
0.000484251968503937
0.000528871391076115
0.000308398950131234
0.000719160104986877
0.00162598425196850
0.00167191601049869
0.000308398950131234
0.000719160104986877
0.00287795275590551
0.000308398950131234
0.000390490341753343
0.000239524517087667
0.000119762258543834
0.000209509658246657
3.98216939078752e-05
0.000458841010401189
4.01188707280832e-05
0.000349182763744428
3.98216939078752e-05
0.000139673105497771
3.98216939078752e-05
3.98216939078752e-05
6.98365527488856e-05
0.000162852897473997
0.00137346210995542
0.00087295690936107
0.000314264487369985
0.000407369985141159
0.000166607836216025
0.000153900458877515
8.29509354041652e-05
0.000379103423932227
0.000130250617719732
0.00163138016237204
0.000857042004941758
0.000193434521708436
0.000370854271356784
0.000236180904522613
0.00121407035175879
0.000134673366834171
0.00295226130653266
0.00244020100502513
0.00302142857142857
0.00156571428571429
0.000403971242725094
0.000323176994180075
9.2434097911674e-05
0.000172543649435125
4.58747004450531e-05
0.000934953782951044
8.04519000342349e-05
0.000134200616227319
8.04519000342349e-05
0.000201300924340979
8.04519000342349e-05
0.000134200616227319
0.000429018941233609
0.000116172899465760
3.56969402622632e-05
0.000206137688198154
6.8613404565323e-05
2.41197183098592e-05
1.54565322972317e-05
2.71976687712482e-06
6.01262748907236e-05
3.00631374453618e-05
0.000137858183584264
3.26007770762506e-05
8.59033511413307e-06
3.60733365711510e-05
1.01991257892181e-05
3.05366682855755e-05
8.13501699854298e-06
2.85332685769791e-05
8.13501699854298e-06
3.8556338028169e-05
3.26007770762506e-05
6.0800145701797e-05
1.28824672170957e-05
1.88987372510928e-05
0.000227610490529383
3.00631374453618e-05
2.85332685769791e-05
0.000120246478873239
9.01833414278776e-05
6.01262748907236e-05
6.01262748907236e-05
8.55998057309374e-05
7.52185526954832e-05
0.000165796503156872
0.000445938562408936
0.000736067265662943
0.000117126032054395
0.000498591549295775
0.000287979601748422
0.000272935891209325
3.39970859640602e-06
0.000107025809094633
0.000195985251945924
4.8136009832036e-05
0.000288816058992216
0.000182199918066366
4.8136009832036e-05
9.6272019664072e-05
6.87218353133962e-05
2.4068004916018e-05
9.6272019664072e-05
2.4068004916018e-05
0.000168476034412126
0.000326607947562474
3.77918885702581e-05
2.4068004916018e-05
6.18598934862761e-05
4.8136009832036e-05
0.000158131913150348
3.4412126177796e-05
0.000154752150757886
0.000130479311757476
0.000140393281442032
2.4068004916018e-05
0.000752304383449406
0.000308869315854158
0.000328932814420320
0.000938652191724703
0.0012034002458009
0.000272767308480131
0.0021980751319466
0.000805960881713754
0.000146538342129773
0.000427196522819
0.0001145606954362
0.000229431853461658
7.29587084756287e-05
0.000291834833902515
3.13567215150574e-05
3.13567215150574e-05
0.000239677118907172
0.0001145606954362
0.000145917416951257
0.000145917416951257
7.29587084756287e-05
0.000145917416951257
4.16019869605713e-05
0.000218876125426886
0.000104315429990686
7.29587084756287e-05
7.29587084756287e-05
0.000145917416951257
5.21577149953431e-05
0.000218876125426886
0.000187519403911829
0.000121701334989134
0.00376420366345855
0.00093629307668426
0.000218876125426886
0.00093629307668426
0.000599813722446445
0.000625892579944117
0.000342649727767695
0.00102794918330309
8.52994555353902e-05
0.000170598911070780
3.62976406533575e-05
6.09800362976407e-05
0.000341197822141561
0.000243557168784029
0.000170598911070780
0.000133938294010889
8.52994555353902e-05
8.52994555353902e-05
8.52994555353902e-05
0.000700290381125227
0.00116577132486388
0.000255898366606171
0.000396370235934664
0.000767695099818512
0.000574228675136116
0.000580925230011663
9.17454969547752e-05
3.05818323182584e-05
9.13567448490346e-05
0.000126214850330439
9.57626020474278e-05
0.000100038875210574
6.09044965660231e-05
0.000182713489698069
1.73642607230789e-05
0.000130491123493586
1.73642607230789e-05
5.64986393676299e-05
0.000143579111053518
6.09044965660231e-05
6.09044965660231e-05
3.04522482830115e-05
5.22223662044836e-05
0.000147855384216665
7.1050926525852e-05
7.1012051315278e-05
7.61954127251523e-05
0.00106424776467539
0.00118763768303745
0.000390799533497473
0.000141505766489568
0.000412854736296488
0.000951859530905792
0.000116428219042921
0.000116428219042921
0.000538233843117908
0.000289837197829304
0.000173902318697583
9.10212136161816e-05
0.000115934879131722
5.79674395658609e-05
0.000115934879131722
5.79674395658609e-05
0.000397385298470646
3.30537740503207e-05
5.79674395658609e-05
6.63542180562408e-05
0.000540947212629502
5.79674395658609e-05
0.00117010360138135
0.00289837197829304
0.000476566354218056
0.000521706956092748
0.000785890478539714
0.000349284657128762
0.00240570846075433
0.000481141692150866
0.00036085626911315
0.000239551478083588
0.000376656472986748
0.000359327217125382
6.82976554536188e-05
0.000119775739041794
6.82976554536188e-05
6.82976554536188e-05
0.000410805300713558
0.000275739041794088
0.000359327217125382
0.000239551478083588
0.000239551478083588
0.000205402650356779
0.00059887869520897
0.000119775739041794
0.000119775739041794
0.000199796126401631
0.0022914373088685
0.00135744138634047
0.00102752293577982
0.00080632008154944
0.00374388379204893
0.0007217125382263
0.000103815789473684
6.7e-05
2.65789473684211e-05
3.55263157894737e-05
1.47368421052632e-05
0.00094636871508380
