from	to	flow
1	2	2954
1	3	1666
1	4	922
1	5	2594
1	6	840
1	7	392
1	8	140
1	9	280
1	10	1272.9
1	11	1370.8
1	12	232.2
1	13	72.7
1	14	1608.6
1	15	135
1	16	1009.9
1	17	0
1	18	134
1	19	481.2
1	20	402.9
1	21	0
1	22	184.6
1	23	237.8
1	24	50.4
1	25	528.8
1	26	0
1	27	742
1	28	607
1	29	1046
1	30	236
1	31	0
1	32	0
1	33	0
1	34	0
1	35	940
1	36	369
1	37	1209
1	38	472
1	39	1314
1	40	472
1	41	0
1	42	0
1	43	1180
1	44	7066.8
1	45	1045
1	46	7080
1	47	944
1	48	4483
1	49	472
1	50	4720
1	51	394.5
1	52	0
2	3	1470
2	4	1316
2	5	266
2	6	322
2	7	378
2	8	42
2	9	490
2	10	509.2
2	11	1001.5
2	12	332.9
2	13	330.1
2	14	595.9
2	15	0
2	16	512
2	17	0
2	18	0
2	19	170.7
2	20	318.9
2	21	0
2	22	218.2
2	23	0
2	24	274.2
2	25	254.6
2	26	0
2	27	641
2	28	0
2	29	1180
2	30	236
2	31	236
2	32	0
2	33	0
2	34	0
2	35	0
2	36	336
2	37	0
2	38	101
2	39	0
2	40	0
2	41	0
2	42	0
2	43	944
2	44	1913.6
2	45	1913.6
2	46	2596
2	47	2832
2	48	708
2	49	472
2	50	944
2	51	254.6
2	52	0
3	4	98
3	5	350
3	6	182
3	7	70
3	8	98
3	9	98
3	10	0
3	11	607
3	12	135
3	13	0
3	14	114.7
3	15	0
3	16	257.4
3	17	0
3	18	0
3	19	28
3	20	0
3	21	0
3	22	0
3	23	0
3	24	0
3	25	478.4
3	26	0
3	27	135
3	28	203
3	29	472
3	30	0
3	31	0
3	32	0
3	33	0
3	34	0
3	35	135
3	36	67
3	37	135
3	38	135
3	39	0
3	40	0
3	41	0
3	42	0
3	43	270
3	44	588
3	45	0
3	46	472
3	47	0
3	48	236
3	49	0
3	50	708
3	51	0
3	52	0
4	5	98
4	6	182
4	7	140
4	8	0
4	9	70
4	10	0
4	11	0
4	12	0
4	13	0
4	14	0
4	15	0
4	16	0
4	17	0
4	18	0
4	19	0
4	20	0
4	21	0
4	22	0
4	23	0
4	24	0
4	25	36.4
4	26	0
4	27	0
4	28	0
4	29	0
4	30	0
4	31	0
4	32	0
4	33	0
4	34	0
4	35	0
4	36	0
4	37	0
4	38	0
4	39	0
4	40	0
4	41	0
4	42	0
4	43	0
4	44	3395.5
4	45	0
4	46	1376
4	47	0
4	48	0
4	49	0
4	50	0
4	51	0
4	52	0
5	6	98
5	7	98
5	8	0
5	9	294
5	10	0
5	11	0
5	12	0
5	13	0
5	14	0
5	15	0
5	16	0
5	17	0
5	18	0
5	19	0
5	20	0
5	21	0
5	22	0
5	23	0
5	24	0
5	25	109.1
5	26	0
5	27	235
5	28	196
5	29	1309
5	30	369
5	31	470
5	32	168
5	33	235
5	34	436
5	35	571
5	36	269
5	37	0
5	38	0
5	39	0
5	40	0
5	41	0
5	42	0
5	43	0
5	44	1130.2
5	45	0
5	46	369
5	47	0
5	48	705
5	49	0
5	50	470
5	51	0
5	52	0
6	7	336
6	8	112
6	9	84
6	10	0
6	11	0
6	12	0
6	13	0
6	14	0
6	15	0
6	16	0
6	17	0
6	18	0
6	19	0
6	20	0
6	21	0
6	22	0
6	23	0
6	24	0
6	25	5.6
6	26	0
6	27	0
6	28	0
6	29	0
6	30	0
6	31	0
6	32	0
6	33	0
6	34	0
6	35	0
6	36	0
6	37	0
6	38	0
6	39	0
6	40	0
6	41	0
6	42	0
6	43	0
6	44	397.3
6	45	0
6	46	0
6	47	0
6	48	974
6	49	0
6	50	0
6	51	0
6	52	0
7	8	112
7	9	56
7	10	0
7	11	0
7	12	36.4
7	13	0
7	14	0
7	15	0
7	16	86.7
7	17	0
7	18	0
7	19	0
7	20	0
7	21	0
7	22	0
7	23	0
7	24	0
7	25	181.8
7	26	0
7	27	0
7	28	0
7	29	0
7	30	0
7	31	0
7	32	0
7	33	0
7	34	0
7	35	0
7	36	0
7	37	0
7	38	0
7	39	0
7	40	0
7	41	0
7	42	0
7	43	0
7	44	254.6
7	45	0
7	46	739
7	47	0
7	48	739
7	49	0
7	50	739
7	51	0
7	52	0
8	9	0
8	10	0
8	11	0
8	12	0
8	13	0
8	14	0
8	15	0
8	16	0
8	17	0
8	18	0
8	19	0
8	20	0
8	21	0
8	22	0
8	23	42
8	24	0
8	25	58.8
8	26	0
8	27	0
8	28	0
8	29	0
8	30	0
8	31	0
8	32	0
8	33	0
8	34	0
8	35	0
8	36	0
8	37	0
8	38	0
8	39	0
8	40	0
8	41	0
8	42	0
8	43	0
8	44	44.8
8	45	0
8	46	0
8	47	0
8	48	0
8	49	0
8	50	0
8	51	0
8	52	0
9	10	0
9	11	0
9	12	0
9	13	0
9	14	0
9	15	0
9	16	0
9	17	0
9	18	0
9	19	0
9	20	0
9	21	0
9	22	0
9	23	0
9	24	0
9	25	0
9	26	0
9	27	0
9	28	0
9	29	0
9	30	0
9	31	0
9	32	0
9	33	0
9	34	0
9	35	0
9	36	0
9	37	0
9	38	0
9	39	0
9	40	0
9	41	0
9	42	0
9	43	504
9	44	990.4
9	45	470
9	46	0
9	47	0
9	48	772
9	49	0
9	50	0
9	51	0
9	52	0
10	11	2048
10	12	798
10	13	938
10	14	2585
10	15	1813
10	16	1679
10	17	604
10	18	0
10	19	269
10	20	134
10	21	0
10	22	1712
10	23	0
10	24	0
10	25	0
10	26	0
10	27	269
10	28	0
10	29	0
10	30	0
10	31	0
10	32	0
10	33	0
10	34	0
10	35	0
10	36	0
10	37	0
10	38	0
10	39	806
10	40	436
10	41	369
10	42	0
10	43	0
10	44	495.2
10	45	2820
10	46	235
10	47	235
10	48	470
10	49	2182
10	50	0
10	51	0
10	52	0
11	12	504
11	13	1007
11	14	1645
11	15	873
11	16	1242
11	17	470
11	18	0
11	19	235
11	20	235
11	21	0
11	22	1914
11	23	0
11	24	0
11	25	235
11	26	0
11	27	0
11	28	0
11	29	0
11	30	0
11	31	0
11	32	0
11	33	0
11	34	0
11	35	269
11	36	121
11	37	671
11	38	0
11	39	403
11	40	235
11	41	235
11	42	0
11	43	0
11	44	2270.8
11	45	1779
11	46	940
11	47	470
11	48	1410
11	49	1175
11	50	705
11	51	0
11	52	0
12	13	0
12	14	940
12	15	235
12	16	369
12	17	0
12	18	0
12	19	0
12	20	0
12	21	0
12	22	0
12	23	0
12	24	0
12	25	0
12	26	0
12	27	0
12	28	0
12	29	0
12	30	0
12	31	0
12	32	0
12	33	0
12	34	0
12	35	0
12	36	0
12	37	0
12	38	537
12	39	705
12	40	0
12	41	0
12	42	0
12	43	0
12	44	537
12	45	470
12	46	101
12	47	0
12	48	0
12	49	705
12	50	134
12	51	0
12	52	0
13	14	235
13	15	0
13	16	235
13	17	0
13	18	0
13	19	0
13	20	0
13	21	0
13	22	0
13	23	0
13	24	0
13	25	0
13	26	0
13	27	0
13	28	0
13	29	0
13	30	0
13	31	0
13	32	0
13	33	0
13	34	0
13	35	0
13	36	0
13	37	0
13	38	638
13	39	134
13	40	0
13	41	0
13	42	0
13	43	0
13	44	141.5
13	45	940
13	46	101
13	47	0
13	48	134
13	49	369
13	50	0
13	51	0
13	52	0
14	15	873
14	16	2921
14	17	3559
14	18	134
14	19	168
14	20	235
14	21	604
14	22	470
14	23	0
14	24	134
14	25	100
14	26	0
14	27	134
14	28	0
14	29	0
14	30	0
14	31	0
14	32	0
14	33	0
14	34	0
14	35	0
14	36	0
14	37	0
14	38	269
14	39	1544
14	40	1074
14	41	1208
14	42	0
14	43	0
14	44	594.2
14	45	671
14	46	772
14	47	100
14	48	1007
14	49	470
14	50	235
14	51	0
14	52	0
15	16	470
15	17	235
15	18	0
15	19	0
15	20	0
15	21	0
15	22	0
15	23	0
15	24	0
15	25	0
15	26	0
15	27	0
15	28	0
15	29	0
15	30	0
15	31	0
15	32	0
15	33	0
15	34	0
15	35	0
15	36	0
15	37	0
15	38	369
15	39	135
15	40	0
15	41	0
15	42	0
15	43	0
15	44	168
15	45	235
15	46	369
15	47	168
15	48	134
15	49	235
15	50	134
15	51	0
15	52	0
16	17	235
16	18	168
16	19	269
16	20	269
16	21	0
16	22	1309
16	23	0
16	24	134
16	25	0
16	26	0
16	27	269
16	28	0
16	29	0
16	30	0
16	31	0
16	32	0
16	33	0
16	34	0
16	35	0
16	36	0
16	37	1175
16	38	369
16	39	1175
16	40	369
16	41	134
16	42	0
16	43	0
16	44	503
16	45	940
16	46	0
16	47	0
16	48	436
16	49	470
16	50	134
16	51	0
16	52	0
17	18	0
17	19	134
17	20	0
17	21	134
17	22	235
17	23	0
17	24	0
17	25	0
17	26	0
17	27	0
17	28	0
17	29	0
17	30	0
17	31	0
17	32	0
17	33	0
17	34	0
17	35	0
17	36	0
17	37	0
17	38	0
17	39	0
17	40	0
17	41	0
17	42	0
17	43	0
17	44	134
17	45	0
17	46	0
17	47	0
17	48	0
17	49	0
17	50	0
17	51	0
17	52	0
18	19	392
18	20	448
18	21	196
18	22	0
18	23	0
18	24	0
18	25	0
18	26	0
18	27	0
18	28	0
18	29	0
18	30	0
18	31	0
18	32	0
18	33	0
18	34	0
18	35	0
18	36	0
18	37	0
18	38	0
18	39	0
18	40	0
18	41	0
18	42	0
18	43	0
18	44	0
18	45	0
18	46	0
18	47	0
18	48	0
18	49	0
18	50	0
18	51	0
18	52	0
19	20	1372
19	21	1914
19	22	134
19	23	0
19	24	201
19	25	0
19	26	0
19	27	134
19	28	0
19	29	0
19	30	0
19	31	0
19	32	0
19	33	0
19	34	0
19	35	0
19	36	0
19	37	0
19	38	0
19	39	134
19	40	0
19	41	0
19	42	0
19	43	0
19	44	470
19	45	235
19	46	470
19	47	0
19	48	0
19	49	0
19	50	0
19	51	0
19	52	0
20	21	490
20	22	0
20	23	0
20	24	269
20	25	0
20	26	0
20	27	0
20	28	0
20	29	0
20	30	0
20	31	0
20	32	0
20	33	0
20	34	0
20	35	0
20	36	0
20	37	0
20	38	0
20	39	0
20	40	0
20	41	0
20	42	0
20	43	0
20	44	134
20	45	0
20	46	470
20	47	0
20	48	0
20	49	0
20	50	0
20	51	0
20	52	0
21	22	0
21	23	0
21	24	0
21	25	0
21	26	0
21	27	0
21	28	0
21	29	0
21	30	0
21	31	0
21	32	0
21	33	0
21	34	0
21	35	0
21	36	0
21	37	0
21	38	0
21	39	0
21	40	0
21	41	0
21	42	0
21	43	0
21	44	0
21	45	0
21	46	0
21	47	0
21	48	0
21	49	0
21	50	0
21	51	0
21	52	0
22	23	0
22	24	0
22	25	0
22	26	0
22	27	0
22	28	0
22	29	0
22	30	0
22	31	0
22	32	0
22	33	0
22	34	0
22	35	0
22	36	0
22	37	0
22	38	403
22	39	470
22	40	0
22	41	0
22	42	0
22	43	0
22	44	635.1
22	45	1645
22	46	235
22	47	0
22	48	0
22	49	235
22	50	0
22	51	0
22	52	0
23	24	134
23	25	34
23	26	0
23	27	0
23	28	0
23	29	0
23	30	0
23	31	0
23	32	0
23	33	0
23	34	0
23	35	0
23	36	0
23	37	0
23	38	0
23	39	0
23	40	0
23	41	0
23	42	0
23	43	0
23	44	0
23	45	0
23	46	0
23	47	0
23	48	0
23	49	0
23	50	0
23	51	0
23	52	0
24	25	0
24	26	0
24	27	0
24	28	0
24	29	0
24	30	0
24	31	0
24	32	0
24	33	0
24	34	0
24	35	0
24	36	0
24	37	0
24	38	0
24	39	0
24	40	0
24	41	0
24	42	0
24	43	0
24	44	537
24	45	0
24	46	0
24	47	0
24	48	0
24	49	0
24	50	0
24	51	0
24	52	0
25	26	0
25	27	0
25	28	134
25	29	0
25	30	0
25	31	0
25	32	0
25	33	0
25	34	0
25	35	0
25	36	0
25	37	0
25	38	0
25	39	134
25	40	0
25	41	0
25	42	0
25	43	0
25	44	1001.5
25	45	0
25	46	470
25	47	0
25	48	0
25	49	0
25	50	0
25	51	101
25	52	0
26	27	101
26	28	0
26	29	0
26	30	0
26	31	0
26	32	0
26	33	0
26	34	0
26	35	0
26	36	0
26	37	0
26	38	0
26	39	0
26	40	0
26	41	0
26	42	0
26	43	0
26	44	0
26	45	0
26	46	0
26	47	0
26	48	0
26	49	0
26	50	0
26	51	0
26	52	0
27	28	0
27	29	0
27	30	0
27	31	0
27	32	0
27	33	0
27	34	0
27	35	0
27	36	0
27	37	134
27	38	0
27	39	134
27	40	0
27	41	0
27	42	0
27	43	0
27	44	212.2
27	45	0
27	46	0
27	47	0
27	48	0
27	49	0
27	50	0
27	51	135
27	52	1694
28	29	0
28	30	0
28	31	0
28	32	0
28	33	0
28	34	0
28	35	0
28	36	0
28	37	0
28	38	0
28	39	0
28	40	0
28	41	0
28	42	0
28	43	0
28	44	311.3
28	45	0
28	46	134
28	47	0
28	48	0
28	49	0
28	50	0
28	51	0
28	52	0
29	30	604
29	31	235
29	32	470
29	33	235
29	34	235
29	35	671
29	36	101
29	37	201
29	38	235
29	39	235
29	40	0
29	41	0
29	42	0
29	43	134
29	44	3749.2
29	45	3189
29	46	705
29	47	940
29	48	1108
29	49	1611
29	50	806
29	51	0
29	52	0
30	31	0
30	32	1309
30	33	940
30	34	269
30	35	134
30	36	67
30	37	0
30	38	0
30	39	0
30	40	0
30	41	0
30	42	0
30	43	0
30	44	495.2
30	45	369
30	46	336
30	47	671
30	48	470
30	49	0
30	50	541
30	51	0
30	52	0
31	32	70
31	33	0
31	34	369
31	35	0
31	36	0
31	37	0
31	38	0
31	39	0
31	40	0
31	41	0
31	42	0
31	43	0
31	44	470
31	45	0
31	46	0
31	47	0
31	48	0
31	49	0
31	50	0
31	51	0
31	52	0
32	33	604
32	34	0
32	35	235
32	36	0
32	37	0
32	38	0
32	39	0
32	40	0
32	41	0
32	42	0
32	43	0
32	44	1980.7
32	45	235
32	46	235
32	47	470
32	48	470
32	49	0
32	50	705
32	51	0
32	52	0
33	34	294
33	35	671
33	36	235
33	37	470
33	38	0
33	39	0
33	40	0
33	41	0
33	42	0
33	43	0
33	44	1485.5
33	45	604
33	46	235
33	47	369
33	48	0
33	49	134
33	50	470
33	51	0
33	52	0
34	35	3357
34	36	370
34	37	806
34	38	0
34	39	0
34	40	0
34	41	0
34	42	0
34	43	0
34	44	990.4
34	45	470
34	46	470
34	47	0
34	48	235
34	49	235
34	50	470
34	51	0
34	52	0
35	36	940
35	37	3491
35	38	0
35	39	0
35	40	0
35	41	0
35	42	0
35	43	0
35	44	990.4
35	45	1544
35	46	168
35	47	0
35	48	403
35	49	0
35	50	403
35	51	0
35	52	0
36	37	1904
36	38	0
36	39	0
36	40	0
36	41	0
36	42	0
36	43	0
36	44	1410
36	45	336
36	46	705
36	47	0
36	48	1141
36	49	269
36	50	1175
36	51	0
36	52	0
37	38	0
37	39	0
37	40	0
37	41	0
37	42	0
37	43	0
37	44	0
37	45	1511
37	46	604
37	47	235
37	48	548.3
37	49	0
37	50	235
37	51	0
37	52	0
38	39	548
38	40	0
38	41	0
38	42	0
38	43	0
38	44	1239
38	45	1274
38	46	0
38	47	235
38	48	548
38	49	2193
38	50	235
38	51	0
38	52	0
39	40	4621.7
39	41	2937.5
39	42	1057.5
39	43	0
39	44	0
39	45	1370.8
39	46	0
39	47	0
39	48	0
39	49	0
39	50	0
39	51	0
39	52	0
40	41	2428
40	42	548
40	43	0
40	44	0
40	45	0
40	46	0
40	47	0
40	48	0
40	49	0
40	50	0
40	51	0
40	52	0
41	42	0
41	43	0
41	44	0
41	45	0
41	46	0
41	47	0
41	48	0
41	49	0
41	50	0
41	51	0
41	52	0
42	43	0
42	44	0
42	45	0
42	46	0
42	47	0
42	48	0
42	49	0
42	50	0
42	51	0
42	52	0
43	44	2731
43	45	235
43	46	392
43	47	235
43	48	588
43	49	235
43	50	392
43	51	0
43	52	0
44	45	7345.5
44	46	12124.5
44	47	1929.3
44	48	8212.8
44	49	4743.6
44	50	4495.8
44	51	56
44	52	0
45	46	3015.8
45	47	3211.7
45	48	9165
45	49	11750
45	50	2663.3
45	51	0
45	52	0
46	47	705
46	48	3015.8
46	49	1932
46	50	2016
46	51	0
46	52	0
47	48	1092
47	49	2115
47	50	1582
47	51	0
47	52	0
48	49	3186
48	50	7345.5
48	51	0
48	52	0
49	50	1416
49	51	0
49	52	0
50	51	0
50	52	0
51	52	0
